1 1 1 1 1 1 1 1 1 1 
1 1 1 1 1 1 1 1 1 1 
1 1 1 1 1 1 1 1 1 1 
1 1 1 1 1 1 1 1 1 1 
1 1 1 1 1 1 1 1 1 1 
1 1 1 1 1 1 1 1 1 1 
1 1 1 0 1 1 1 1 1 1 
1 1 0 0 0 1 1 1 1 1 
1 0 0 0 0 1 1 1 1 1 
1 0 0 0 0 1 1 1 1 1 
1 0 0 0 0 1 1 1 1 1 
1 1 0 0 0 0 0 1 1 1 
1 1 1 1 0 0 0 0 0 1 
1 1 1 1 1 1 0 0 0 0 
1 1 1 1 1 1 1 0 0 0 
1 1 1 1 1 1 1 0 0 0 
1 1 1 1 1 1 1 1 0 0 
0 0 1 1 1 1 1 1 0 0 
0 0 1 1 1 1 1 1 0 0 
0 0 1 1 1 1 1 1 0 0 
0 0 0 1 1 1 1 0 0 0 
0 0 0 0 0 0 0 0 0 1 
0 0 0 0 0 0 0 0 1 1 
1 1 1 0 0 0 1 1 1 1 

0 0 0 1 1 1 1 1 1 1 1 1 1 1 1 
0 0 0 0 0 0 0 1 1 1 1 1 1 1 1 
0 0 0 0 0 0 0 0 0 1 1 1 1 1 1 
0 0 0 1 1 1 0 0 0 0 1 1 1 1 1 
0 0 0 1 1 1 1 0 0 0 1 1 1 1 1 
0 0 0 0 1 1 1 0 0 0 1 1 1 1 1 
0 0 0 0 1 1 1 0 0 0 1 1 1 1 1 
0 0 0 1 1 1 1 0 0 0 1 1 1 1 1 
0 0 1 1 1 1 1 0 0 0 1 1 1 1 1 
0 1 1 1 1 0 0 0 0 0 0 1 1 1 1 
0 1 1 0 0 0 0 1 0 0 0 0 0 1 1 
0 1 0 0 0 0 1 1 1 1 0 0 0 0 1 
0 0 0 0 0 1 1 1 1 1 0 0 0 0 1 
0 0 0 0 1 1 1 1 1 1 1 0 0 0 0 
0 0 0 0 1 1 1 1 1 1 1 0 0 0 0 
0 0 0 1 1 1 1 1 1 1 1 1 0 0 0 
0 0 0 1 1 1 1 1 1 1 1 1 0 0 0 
0 0 0 1 1 1 1 1 1 1 1 1 0 0 0 
0 0 0 0 1 1 1 1 1 1 1 0 0 0 0 
0 0 0 0 1 1 1 1 1 1 1 0 0 0 1 
0 0 0 0 0 1 1 1 1 1 0 0 0 0 1 
0 1 0 0 0 0 0 0 0 0 0 0 0 1 1 
0 1 1 0 0 0 0 0 0 0 0 0 1 1 1 
0 1 1 1 1 0 0 0 0 1 1 1 1 1 1


67 117
68 116
68 117
68 118
69 115
69 116
69 117
69 118
70 115
70 116
70 117